xof 0303txt 0032
Material NoMaterial {
	1.000000;1.000000;1.000000;1.000000;;
	0.000000;
	0.000000;0.000000;0.000000;;
	0.000000;0.000000;0.000000;;
}
Frame metarig {
	FrameTransformMatrix {
		20.000000,0.000000,0.000000,0.000000,
		0.000000,-0.000003,20.000000,0.000000,
		0.000000,-20.000000,-0.000003,0.000000,
		0.000000,1.000000,0.000000,1.000000;;
	}
	Frame spine {
		FrameTransformMatrix {
			0.999999,0.000259,0.001666,0.000000,
			0.001666,0.000953,-0.999998,0.000000,
			-0.000261,0.999999,0.000952,0.000000,
			-0.541229,0.040087,-0.474042,1.000000;;
		}
		Frame spine.001 {
			FrameTransformMatrix {
				0.999999,0.001538,-0.000220,0.000000,
				-0.001533,0.999735,0.022967,0.000000,
				0.000255,-0.022967,0.999736,0.000000,
				0.000000,0.044512,0.000000,1.000000;;
			}
			Frame spine.002 {
				FrameTransformMatrix {
					1.000000,0.000127,-0.000044,0.000000,
					-0.000127,0.999993,0.003653,0.000000,
					0.000044,-0.003653,0.999993,0.000000,
					-0.000000,0.175054,-0.000000,1.000000;;
				}
				Frame spine.003 {
					FrameTransformMatrix {
						1.000000,0.000000,-0.000000,0.000000,
						-0.000000,0.999981,-0.006086,0.000000,
						-0.000000,0.006086,0.999981,0.000000,
						0.000000,0.060254,-0.000000,1.000000;;
					}
					Frame shoulder.L {
						FrameTransformMatrix {
							-0.020578,-0.021232,-0.999563,0.000000,
							0.999788,-0.000926,-0.020563,0.000000,
							-0.000489,-0.999774,0.021247,0.000000,
							0.128941,-0.111698,0.001082,1.000000;;
						}
						Frame upper_arm.L {
							FrameTransformMatrix {
								0.070626,-0.011953,0.997431,0.000000,
								-0.005958,0.999905,0.012405,0.000000,
								-0.997485,-0.006819,0.070548,0.000000,
								-0.002220,0.069483,0.001165,1.000000;;
							}
							Frame forearm.L {
								FrameTransformMatrix {
									0.992896,-0.012389,0.118337,0.000000,
									0.013720,0.999851,-0.010443,0.000000,
									-0.118190,0.011993,0.992918,0.000000,
									0.000000,0.065789,0.000000,1.000000;;
								}
								Frame hand.L {
									FrameTransformMatrix {
										0.900178,-0.069497,-0.429942,0.000000,
										0.074586,0.997202,-0.005027,0.000000,
										0.429088,-0.027542,0.902843,0.000000,
										0.000000,0.071963,-0.000000,1.000000;;
									}
									Frame hand.L_end {
										FrameTransformMatrix {
											1.000000,0.000000,0.000000,0.000000,
											0.000000,1.000000,0.000000,0.000000,
											0.000000,0.000000,1.000000,0.000000,
											0.000000,0.044339,0.000000,1.000000;;
										}
									}
								}
							}
						}
					}
					Frame shoulder.R {
						FrameTransformMatrix {
							-0.022837,0.020842,0.999522,0.000000,
							-0.999731,-0.004385,-0.022750,0.000000,
							0.003909,-0.999773,0.020937,0.000000,
							-0.134239,-0.109017,0.001477,1.000000;;
						}
						Frame upper_arm.R {
							FrameTransformMatrix {
								0.010474,0.022103,-0.999701,0.000000,
								-0.006378,0.999737,0.022037,0.000000,
								0.999925,0.006145,0.010612,0.000000,
								0.000088,0.086293,-0.000665,1.000000;;
							}
							Frame forearm.R {
								FrameTransformMatrix {
									1.000000,0.000000,-0.000000,0.000000,
									-0.000000,1.000000,0.000000,0.000000,
									0.000000,-0.000000,1.000000,0.000000,
									-0.000000,0.064301,-0.000000,1.000000;;
								}
								Frame hand.R {
									FrameTransformMatrix {
										1.000000,-0.000001,-0.000001,0.000000,
										0.000001,1.000000,-0.000000,0.000000,
										0.000001,0.000000,1.000000,0.000000,
										-0.000000,0.057271,0.000000,1.000000;;
									}
									Frame hand.R_end {
										FrameTransformMatrix {
											1.000000,0.000000,0.000000,0.000000,
											0.000000,1.000000,0.000000,0.000000,
											0.000000,0.000000,1.000000,0.000000,
											0.000000,0.050987,0.000000,1.000000;;
										}
									}
								}
							}
						}
					}
				}
			}
		}
		Frame pelvis.L {
			FrameTransformMatrix {
				0.005575,0.010675,-0.999927,0.000000,
				0.999813,0.018453,0.005772,0.000000,
				0.018513,-0.999772,-0.010570,0.000000,
				0.019550,0.002536,0.000414,1.000000;;
			}
			Frame thigh.L {
				FrameTransformMatrix {
					0.030053,0.997355,0.066180,0.000000,
					-0.049818,-0.064633,0.996665,0.000000,
					0.998306,-0.033250,0.047744,0.000000,
					0.000000,0.065077,0.000000,1.000000;;
				}
				Frame knes.L {
					FrameTransformMatrix {
						0.999856,0.016954,0.000911,0.000000,
						-0.016978,0.998667,0.048739,0.000000,
						-0.000084,-0.048747,0.998811,0.000000,
						0.000000,0.119919,-0.000000,1.000000;;
					}
					Frame shin.L {
						FrameTransformMatrix {
							0.995977,-0.030830,0.084135,0.000000,
							0.032916,0.999181,-0.023518,0.000000,
							-0.083341,0.026192,0.996177,0.000000,
							0.000000,0.070425,-0.000000,1.000000;;
						}
						Frame toe.L {
							FrameTransformMatrix {
								-0.975110,0.179647,0.129952,0.000000,
								0.135000,0.016110,0.990715,0.000000,
								0.175886,0.983599,-0.039961,0.000000,
								0.000000,0.131115,-0.000000,1.000000;;
							}
							Frame toe.L_end {
								FrameTransformMatrix {
									1.000000,0.000000,0.000000,0.000000,
									0.000000,1.000000,0.000000,0.000000,
									0.000000,0.000000,1.000000,0.000000,
									0.000000,0.078389,0.000000,1.000000;;
								}
							}
						}
						Frame heel.02.L {
							FrameTransformMatrix {
								0.108727,-0.012318,0.993995,0.000000,
								0.993490,-0.032850,-0.109079,0.000000,
								0.033997,0.999384,0.008666,0.000000,
								-0.013228,0.129957,-0.024791,1.000000;;
							}
							Frame heel.02.L_end {
								FrameTransformMatrix {
									1.000000,0.000000,0.000000,0.000000,
									0.000000,1.000000,0.000000,0.000000,
									0.000000,0.000000,1.000000,0.000000,
									0.000000,0.023932,0.000000,1.000000;;
								}
							}
						}
					}
				}
			}
		}
		Frame pelvis.R {
			FrameTransformMatrix {
				-0.001834,-0.011321,0.999934,0.000000,
				-0.998223,-0.059540,-0.002505,0.000000,
				0.059565,-0.998162,-0.011192,0.000000,
				-0.015147,0.000403,0.001051,1.000000;;
			}
			Frame thigh.R {
				FrameTransformMatrix {
					0.000129,-0.985853,0.167610,0.000000,
					0.031137,0.167533,0.985375,0.000000,
					-0.999515,0.005092,0.030719,0.000000,
					-0.000000,0.062286,0.000000,1.000000;;
				}
				Frame knes.R {
					FrameTransformMatrix {
						0.998258,-0.016040,0.056783,0.000000,
						0.012863,0.998355,0.055873,0.000000,
						-0.057586,-0.055045,0.996822,0.000000,
						-0.000000,0.117816,0.000000,1.000000;;
					}
					Frame shin.R {
						FrameTransformMatrix {
							0.997129,-0.057300,-0.049502,0.000000,
							0.057093,0.998353,-0.005601,0.000000,
							0.049742,0.002758,0.998758,0.000000,
							0.000000,0.065754,-0.000000,1.000000;;
						}
						Frame toe.R {
							FrameTransformMatrix {
								-0.998816,0.039074,-0.028972,0.000000,
								-0.027406,0.040039,0.998822,0.000000,
								0.040188,0.998434,-0.038921,0.000000,
								-0.000000,0.132324,-0.000000,1.000000;;
							}
							Frame toe.R_end {
								FrameTransformMatrix {
									1.000000,0.000000,0.000000,0.000000,
									0.000000,1.000000,0.000000,0.000000,
									0.000000,0.000000,1.000000,0.000000,
									0.000000,0.061081,0.000000,1.000000;;
								}
							}
						}
						Frame heel.02.R {
							FrameTransformMatrix {
								-0.004518,-0.034729,-0.999387,0.000000,
								-0.999188,0.040161,0.003121,0.000000,
								0.040028,0.998590,-0.034883,0.000000,
								0.017318,0.129984,-0.032803,1.000000;;
							}
							Frame heel.02.R_end {
								FrameTransformMatrix {
									1.000000,0.000000,0.000000,0.000000,
									0.000000,1.000000,0.000000,0.000000,
									0.000000,0.000000,1.000000,0.000000,
									0.000000,0.023932,0.000000,1.000000;;
								}
							}
						}
					}
				}
			}
		}
	}
}
